"Technology Type"	"<5MW"	"5 - 10MW"	"10-50MW"	"50MW +"	"Total"
"Wind Onshore"	640.593870000001	346.2	3176.08613	4681.74	8844.62
"Hydro"	332.184	51.401	735.895	547.7	1667.18
"Wind Offshore"	1179.63	7.35	40	858.8	2085.78
"Biomass and Waste"	142.231	97.279	221.22	65	525.73
"Solar Photovoltaics"	397.61058	0	12.99942	0	410.61
"Shoreline wave / tidal"	16.22	5.7	0	0	21.92
"All Technologies"	2708.46945	507.93	4186.20055	6153.24	13555.84
