"Technology Type"	"<5MW"	"5 - 10MW"	"10-50MW"	"50MW +"	"Total"
"Wind Onshore"	429.29487	338.2	3273.07513	5275.4	9315.97
"Wind Offshore"	0.00500000000001855	7.35	79.625	2078.8	2165.78
"Hydro"	332.984	51.401	735.895	547.7	1667.98
"Biomass and Waste"	144.418	97.279	219.163	65	525.86
"Solar Photovoltaics"	365.75758	0	12.99942	143.073	521.83
"Shoreline wave / tidal"	17.62	5.7	0	0	23.32
"All Technologies"	1290.07945	499.93	4320.75755	8109.973	14220.74
