"Technology Type"	"<5MW"	"5 - 10MW"	"10-50MW"	"50MW +"	"Total"
"Wind Onshore"	538.443869999999	346.2	3176.08613	4681.74	8742.47
"Hydro"	331.704	51.401	735.895	547.7	1666.7
"Wind Offshore"	989.63	7.35	40	858.8	1895.78
"Biomass and Waste"	142.231	97.279	221.22	65	525.73
"Solar Photovoltaics"	397.04058	0	12.99942	0	410.04
"Shoreline wave / tidal"	16.22	5.7	0	0	21.92
"All Technologies"	2415.26945	507.93	4186.20055	6153.24	13262.64
