"Technology Type"	"<5MW"	"5 - 10MW"	"10-50MW"	"50MW +"	"Total"
"Wind Onshore"	427.744870000001	338.2	3279.92513	4945.4	8991.27
"Wind Offshore"	-9.05941988094128e-14	7.35	79.625	2078.8	2165.775
"Hydro"	331.904	51.401	735.895	547.7	1666.9
"Biomass and Waste"	142.231	97.279	221.22	65	525.73
"Solar Photovoltaics"	491.98058	0	12.99942	0	504.98
"Shoreline wave / tidal"	16.22	5.7	0	0	21.92
"All Technologies"	1410.08045	499.93	4329.66455	7636.9	13876.575
