"Technology Type"	"<5MW"	"5 - 10MW"	"10-50MW"	"50MW +"	"Total"
"Wind Onshore"	548.49487	338.2	3273.07513	5275.4	9435.17
"Wind Offshore"	489	7.35	79.625	2078.8	2654.775
"Hydro"	332.984	51.401	735.895	547.7	1667.98
"Biomass and Waste"	142.358	97.279	219.163	65	523.8
"Solar Photovoltaics"	391.89758	0	12.99942	143.073	547.97
"Shoreline wave / tidal"	17.62	5.7	0	0	23.32
"All Technologies"	1922.35445	499.93	4320.75755	8109.973	14853.015
